1 0 18.5 65
1 1 17.8 67
1 2 17.2 68
1 3 16.9 70
1 4 16.5 71
1 5 17.0 70
1 6 18.2 68
1 7 20.1 65
1 8 22.5 62
1 9 24.8 58
1 10 26.5 55
1 11 28.0 52
1 12 29.2 50
1 13 29.8 49
1 14 29.5 50
1 15 28.7 51
1 16 27.3 54
1 17 25.6 57
1 18 23.4 60
1 19 21.8 63
1 20 20.5 65
1 21 19.7 66
1 22 19.0 67
1 23 18.7 67
2 0 19.0 66
2 1 18.3 68
2 2 17.7 69
2 3 17.4 70
2 4 17.0 72
2 5 17.5 71
2 6 18.7 69
2 7 20.6 66
2 8 23.0 63
2 9 25.3 59
2 10 27.0 56
2 11 28.5 53
2 12 29.7 51
2 13 30.3 50
2 14 30.0 51
2 15 29.2 52
2 16 27.8 55
2 17 26.1 58
2 18 23.9 61
2 19 22.3 64
2 20 21.0 66
2 21 20.2 67
2 22 19.5 68
2 23 19.2 68
3 0 19.5 67
3 1 18.8 69
3 2 18.2 70
3 3 17.9 71
3 4 17.5 73
3 5 18.0 72
3 6 19.2 70
3 7 21.1 67
3 8 23.5 64
3 9 25.8 60
3 10 27.5 57
3 11 29.0 54
3 12 30.2 52
3 13 30.8 51
3 14 30.5 52
3 15 29.7 53
3 16 28.3 56
3 17 26.6 59
3 18 24.4 62
3 19 22.8 65
3 20 21.5 67
3 21 20.7 68
3 22 20.0 69
3 23 19.7 69
4 0 20.0 68
4 1 19.3 70
4 2 18.7 71
4 3 18.4 72
4 4 18.0 74
4 5 18.5 73
4 6 19.7 71
4 7 21.6 68
4 8 24.0 65
4 9 26.3 61
4 10 28.0 58
4 11 29.5 55
4 12 30.7 53
4 13 31.3 52
4 14 31.0 53
4 15 30.2 54
4 16 28.8 57
4 17 27.1 60
4 18 24.9 63
4 19 23.3 66
4 20 22.0 68
4 21 21.2 69
4 22 20.5 70
4 23 20.2 70
5 0 20.5 69
5 1 19.8 71
5 2 19.2 72
5 3 18.9 73
5 4 18.5 75
5 5 19.0 74
5 6 20.2 72
5 7 22.1 69
5 8 24.5 66
5 9 26.8 62
5 10 28.5 59
5 11 30.0 56
5 12 31.2 54
5 13 31.8 53
5 14 31.5 54
5 15 30.7 55
5 16 29.3 58
5 17 27.6 61
5 18 25.4 64
5 19 23.8 67
5 20 22.5 69
5 21 21.7 70
5 22 21.0 71
5 23 20.7 71
6 0 21.0 70
6 1 20.3 72
6 2 19.7 73
6 3 19.4 74
6 4 19.0 76
6 5 19.5 75
6 6 20.7 73
6 7 22.6 70
6 8 25.0 67
6 9 27.3 63
6 10 29.0 60
6 11 30.5 57
6 12 31.7 55
6 13 32.3 54
6 14 32.0 55
6 15 31.2 56
6 16 29.8 59
6 17 28.1 62
6 18 25.9 65
6 19 24.3 68
6 20 23.0 70
6 21 22.2 71
6 22 21.5 72
6 23 21.2 72
7 0 21.5 71
7 1 20.8 73
7 2 20.2 74
7 3 19.9 75
7 4 19.5 77
7 5 20.0 76
7 6 21.2 74
7 7 23.1 71
7 8 25.5 68
7 9 27.8 64
7 10 29.5 61
7 11 31.0 58
7 12 32.2 56
7 13 32.8 55
7 14 32.5 56
7 15 31.7 57
7 16 30.3 60
7 17 28.6 63
7 18 26.4 66
7 19 24.8 69
7 20 23.5 71
7 21 22.7 72
7 22 22.0 73
7 23 21.7 73
8 0 22.0 72
8 1 21.3 74
8 2 20.7 75
8 3 20.4 76
8 4 20.0 78
8 5 20.5 77
8 6 21.7 75
8 7 23.6 72
8 8 26.0 69
8 9 28.3 65
8 10 30.0 62
8 11 31.5 59
8 12 32.7 57
8 13 33.3 56
8 14 33.0 57
8 15 32.2 58
8 16 30.8 61
8 17 29.1 64
8 18 26.9 67
8 19 25.3 70
8 20 24.0 72
8 21 23.2 73
8 22 22.5 74
8 23 22.2 74
9 0 22.5 73
9 1 21.8 75
9 2 21.2 76
9 3 20.9 77
9 4 20.5 79
9 5 21.0 78
9 6 22.2 76
9 7 24.1 73
9 8 26.5 70
9 9 28.8 66
9 10 30.5 63
9 11 32.0 60
9 12 33.2 58
9 13 33.8 57
9 14 33.5 58
9 15 32.7 59
9 16 31.3 62
9 17 29.6 65
9 18 27.4 68
9 19 25.8 71
9 20 24.5 73
9 21 23.7 74
9 22 23.0 75
9 23 22.7 75
10 0 23.0 74
10 1 22.3 76
10 2 21.7 77
10 3 21.4 78
10 4 21.0 80
10 5 21.5 79
10 6 22.7 77
10 7 24.6 74
10 8 27.0 71
10 9 29.3 67
10 10 31.0 64
10 11 32.5 61
10 12 33.7 59
10 13 34.3 58
10 14 34.0 59
10 15 33.2 60
10 16 31.8 63
10 17 30.1 66
10 18 27.9 69
10 19 26.3 72
10 20 25.0 74
10 21 24.2 75
10 22 23.5 76
10 23 23.2 76
